run,labels,RF
I_recorrente_D_,"[0.0, 1.0, 2.0, 3.0]","[[9104, 2109, 907, 2365], [1673, 8675, 719, 3418], [2239, 3095, 5900, 3251], [1388, 1191, 1599, 10307]]"
