0,1,2,3,4,origem
20,1,0,19,0,x1
20,0,0,20,0,x1
21,1,0,20,0,x1
20,1,0,19,0,x1
1,1,0,0,0,x2
0,0,0,0,0,x2
1,1,0,0,0,x2
1,1,0,0,0,x2
1,1,0,0,0,x3
0,0,0,0,0,x3
1,1,0,0,0,x3
1,1,0,0,0,x3
20,1,0,19,0,x4
20,0,0,20,0,x4
21,1,0,20,0,x4
20,1,0,19,0,x4
