ward
0.7984350713161409
